452,3
451,1
451,3
450,1
450,3
449,1
449,6
449,3
0,552
448,1
448,3
447,1
447,3
446,1
446,3
445,1
445,3
444,1
444,3
548,49
548,48
548,47
548,46
548,45
548,44
548,43
548,42
548,41
548,40
548,39
548,38
548,37
548,36
548,35
10,287
10,28
10,155
10,212
10,294
10,178
10,275
10,2
10,3
11,13
11,15
11,17
9,5
8,17
8,7
8,10
8,13
8,12
2,2
2,1
2,3
0,273
0,270
530,8
530,7
530,6
530,5
530,4
530,3
530,2
530,1
521,7
521,6
521,5
521,4
521,3
521,2
521,1
520,4
520,3
520,2
520,1
517,5
517,4
517,3
517,2
517,1
472,8
472,7
472,6
472,5
472,4
472,3
472,2
472,1
468,5
468,4
468,3
468,2
468,1
467,4
467,3
467,2
467,1
443,4
443,3
443,2
443,1
442,3
442,2
442,1
441,7
441,6
441,5
0,9
441,4
441,3
441,2
441,1
440,3
440,2
440,1
20,3
20,2
20,1
19,3
19,2
19,1
18,3
18,1
14,15
14,14
14,13
14,12
14,11
14,10
14,9
14,8
14,7
14,6
14,5
14,4
14,3
14,2
14,1
14,0
13,3
13,1
12,3
12,2
12,1
11,27
11,26
11,25
11,24
11,23
11,22
11,21
11,6
11,1
11,4
11,3
11,2
10,283
10,278
10,262
10,245
10,202
10,120
10,68
10,1
10,25
